idpatient	time	status	type	peep
1	6	1	0	0
2	10	1	1	0
3	9	1	1	0
4	6	1	0	0
5	10	1	1	0
6	6	1	0	0
7	6	1	0	0
8	12	0	1	0
9	6	1	0	0
10	6	1	0	0
11	6	1	0	0
12	12	0	1	0
13	5	1	0	1
14	6	1	0	0
15	12	0	1	0
16	11	1	1	0
17	6	1	0	0
18	6	1	0	0
19	9	1	1	0
20	11	1	1	0
21	6	1	0	0
22	10	1	1	0
23	10	1	1	0
24	6	1	0	0
25	10	1	1	0
26	5	1	0	1
27	6	1	0	0
28	6	1	0	0
29	6	1	0	0
30	6	1	0	0
31	10	1	1	0
32	9	1	1	0
33	10	1	1	0
34	9	1	1	0
35	8	1	1	0
36	6	1	0	0
37	6	1	0	0
38	9	1	1	0
39	10	1	1	0
40	9	1	1	0
				
				
				
				
				
				
				
				
				
				
				
				
				
				
				
				
				
				
				
				
				
				
				
				
				
				
				
				
				
				
				
				
				
				
				
				
				
				
				
				
				
				
				
				
				
				
				
				
				
				
				
				
				
				
				
				
				
				
				
				
				
				
				
				
				
				
				
				
				
				
				
				
				
				
				
				
				
				
				
				
				
				
				
				
				
				
				
				
				
				
				
				
				
				
				
				
				
				
				
				
				
				
				
				
				
				
				
				
				
				
				
				
				
				
				
				
				
				
				
				
				
				
				
				
				
				
				
				
				
				
				
				
				
				
				
				
				
				
				
				
				
				
				
				
				
				
				
				
				
				
