group	subject	day	time	status
1	1	1	60	0
1	1	2	45.75	1
1	1	3	50.75	1
1	1	4	17	1
1	1	5	11.75	1
1	1	6	6	1
1	1	7	8	1
1	2	1	48.8	1
1	2	2	26.5	1
1	2	3	24	1
1	2	4	21	1
1	2	5	15	1
1	2	6	12.8	1
1	2	7	9.3	1
1	3	1	47	1
1	3	2	26.5	1
1	3	3	9	1
1	3	4	10	1
1	3	5	6.75	1
1	3	6	5.75	1
1	3	7	9	1
1	4	1	34.5	1
1	4	2	17.75	1
1	4	3	6.5	1
1	4	4	6.75	1
1	4	5	7.75	1
1	4	6	3.25	1
1	4	7	3.5	1
1	5	1	44.75	1
1	5	2	20	1
1	5	3	9	1
1	5	4	6	1
1	5	5	8	1
1	5	6	3.75	1
1	5	7	3.75	1
1	6	1	31.5	1
1	6	2	11.5	1
1	6	3	8	1
1	6	4	7.5	1
1	6	5	8.25	1
1	6	6	6	1
1	6	7	4.5	1
1	7	1	32.3	1
1	7	2	49.5	1
1	7	3	22.5	1
1	7	4	5.3	1
1	7	5	15	1
1	7	6	9	1
1	7	7	18.5	1
1	8	1	42.5	1
1	8	2	30.7	1
1	8	3	20.5	1
1	8	4	17	1
1	8	5	16.5	1
1	8	6	7	1
1	8	7	4.8	1
1	9	1	60	0
1	9	2	29	1
1	9	3	16	1
1	9	4	14	1
1	9	5	9	1
1	9	6	7	1
1	9	7	4	1
1	10	1	48.8	1
1	10	2	26.5	1
1	10	3	24	1
1	10	4	21	1
1	10	5	15	1
1	10	6	12.8	1
1	10	7	9.3	1
1	11	1	47	1
1	11	2	26.5	1
1	11	3	9	1
1	11	4	10	1
1	11	5	6.75	1
1	11	6	5.75	1
1	11	7	9	1
1	12	1	34.5	1
1	12	2	17.75	1
1	12	3	6.5	1
1	12	4	6.75	1
1	12	5	7.75	1
1	12	6	3.25	1
1	12	7	3.5	1
2	13	1	60	0
2	13	2	35.3	1
2	13	3	25.5	1
2	13	4	10.8	1
2	13	5	6.5	1
2	13	6	4.3	1
2	13	7	5	1
2	14	1	52.5	1
2	14	2	10.8	1
2	14	3	10.3	1
2	14	4	4.8	1
2	14	5	13.5	1
2	14	6	5.3	1
2	14	7	5.5	1
2	15	1	52.5	1
2	15	2	10.8	1
2	15	3	10.3	1
2	15	4	4.8	1
2	15	5	13.5	1
2	15	6	5.3	1
2	15	7	5.5	1
2	16	1	32.8	1
2	16	2	7.7	1
2	16	3	10.8	1
2	16	4	8	1
2	16	5	7.3	1
2	16	6	7	1
2	16	7	7.8	1
2	17	1	52.5	1
2	17	2	10.8	1
2	17	3	10.3	1
2	17	4	4.8	1
2	17	5	13.5	1
2	17	6	5.3	1
2	17	7	5.5	1
2	18	1	46.3	1
2	18	2	39.8	1
2	18	3	21	1
2	18	4	14.5	1
2	18	5	26.5	1
2	18	6	7.3	1
2	18	7	5.3	1
2	19	1	24	1
2	19	2	18.3	1
2	19	3	25.3	1
2	19	4	14	1
2	19	5	16.8	1
2	19	6	7.5	1
2	19	7	5	1
2	20	1	52.5	1
2	20	2	10.8	1
2	20	3	10.3	1
2	20	4	4.8	1
2	20	5	13.5	1
2	20	6	5.3	1
2	20	7	5.5	1
2	21	1	41	1
2	21	2	18.8	1
2	21	3	7.5	1
2	21	4	6.3	1
2	21	5	17.5	1
2	21	6	7.5	1
2	21	7	6	1
2	22	1	60	0
2	22	2	35.3	1
2	22	3	25.5	1
2	22	4	10.8	1
2	22	5	6.5	1
2	22	6	4.3	1
2	22	7	5	1
2	23	1	60	0
2	23	2	35.3	1
2	23	3	25.5	1
2	23	4	10.8	1
2	23	5	6.5	1
2	23	6	4.3	1
2	23	7	5	1
2	24	1	52.5	1
2	24	2	10.8	1
2	24	3	10.3	1
2	24	4	4.8	1
2	24	5	13.5	1
2	24	6	5.3	1
2	24	7	5.5	1
3	25	1	43.8	1
3	25	2	14.3	1
3	25	3	6.8	1
3	25	4	12.3	1
3	25	5	6.3	1
3	25	6	8.5	1
3	25	7	5	1
3	26	1	47	1
3	26	2	25.3	1
3	26	3	8.8	1
3	26	4	14.3	1
3	26	5	12.7	1
3	26	6	19.3	1
3	26	7	13	1
3	27	1	60	0
3	27	2	60	0
3	27	3	60	0
3	27	4	53.3	1
3	27	5	26.3	1
3	27	6	28	1
3	27	7	11.8	1
3	28	1	52	1
3	28	2	45.8	1
3	28	3	41.3	1
3	28	4	24	1
3	28	5	24.5	1
3	28	6	29.5	1
3	28	7	11.8	1
3	29	1	52	1
3	29	2	45.8	1
3	29	3	41.3	1
3	29	4	24	1
3	29	5	24.5	1
3	29	6	29.5	1
3	29	7	11.8	1
3	30	1	21	1
3	30	2	17	1
3	30	3	16.5	1
3	30	4	9.5	1
3	30	5	4	1
3	30	6	16.8	1
3	30	7	18	1
3	31	1	37	1
3	31	2	10.3	1
3	31	3	24.8	1
3	31	4	31	1
3	31	5	9.8	1
3	31	6	15.7	1
3	31	7	5.3	1
3	32	1	32.8	1
3	32	2	36.3	1
3	32	3	32.3	1
3	32	4	29.3	1
3	32	5	19.3	1
3	32	6	31.8	1
3	32	7	33.8	1
3	33	1	60	0
3	33	2	35	1
3	33	3	4	1
3	33	4	12	1
3	33	5	4	1
3	33	6	2	1
3	33	7	2	1
3	34	1	47	1
3	34	2	19	1
3	34	3	17	1
3	34	4	5	1
3	34	5	7	1
3	34	6	31	1
3	34	7	13	1
3	35	1	60	0
3	35	2	19	1
3	35	3	3	1
3	35	4	14	1
3	35	5	11	1
3	35	6	17	1
3	35	7	8	1
3	36	1	42	1
3	36	2	13	1
3	36	3	1	1
3	36	4	29	1
3	36	5	20	1
3	36	6	14	1
3	36	7	18	1
4	37	1	31.3	1
4	37	2	17	1
4	37	3	16.5	1
4	37	4	22	1
4	37	5	11.5	1
4	37	6	24.3	1
4	37	7	17.5	1
4	38	1	36	1
4	38	2	21.8	1
4	38	3	9	1
4	38	4	17.8	1
4	38	5	27.8	1
4	38	6	21	1
4	38	7	14	1
4	39	1	39.3	1
4	39	2	24	1
4	39	3	4.8	1
4	39	4	15.3	1
4	39	5	9.8	1
4	39	6	11	1
4	39	7	14.8	1
4	40	1	47	1
4	40	2	10	1
4	40	3	22.3	1
4	40	4	8	1
4	40	5	11.3	1
4	40	6	11.3	1
4	40	7	8.7	1
4	41	1	56.3	1
4	41	2	19.3	1
4	41	3	17.5	1
4	41	4	7.3	1
4	41	5	9	1
4	41	6	9.3	1
4	41	7	21.8	1
4	42	1	60	0
4	42	2	38	1
4	42	3	15	1
4	42	4	11	1
4	42	5	27	1
4	42	6	17	1
4	42	7	10	1
4	43	1	60	0
4	43	2	27	1
4	43	3	10	1
4	43	4	6	1
4	43	5	21	1
4	43	6	13	1
4	43	7	5	1
4	44	1	60	0
4	44	2	19	1
4	44	3	2	1
4	44	4	6	1
4	44	5	30	1
4	44	6	49	1
4	44	7	13	1
4	45	1	36	1
4	45	2	24	1
4	45	3	17	1
4	45	4	4	1
4	45	5	4	1
4	45	6	30	1
4	45	7	6	1
4	46	1	57	1
4	46	2	18	1
4	46	3	9	1
4	46	4	3	1
4	46	5	7	1
4	46	6	16	1
4	46	7	15	1
4	47	1	50	1
4	47	2	25	1
4	47	3	23	1
4	47	4	10	1
4	47	5	3	1
4	47	6	16	1
4	47	7	12	1
4	48	1	45	1
4	48	2	27	1
4	48	3	15	1
4	48	4	2	1
4	48	5	9	1
4	48	6	9	1
4	48	7	2	1
5	49	1	60	0
5	49	2	52.3	1
5	49	3	37.3	1
5	49	4	24.8	1
5	49	5	28.8	1
5	49	6	25.3	1
5	49	7	25.8	1
5	50	1	31	1
5	50	2	21.3	1
5	50	3	20.3	1
5	50	4	25.5	1
5	50	5	19.5	1
5	50	6	11.8	1
5	50	7	29.5	1
5	51	1	60	0
5	51	2	35.3	1
5	51	3	24.8	1
5	51	4	18.5	1
5	51	5	20.8	1
5	51	6	23.5	1
5	51	7	16.8	1
5	52	1	49.3	1
5	52	2	32.8	1
5	52	3	21.5	1
5	52	4	16.5	1
5	52	5	6	1
5	52	6	24	1
5	52	7	22.5	1
5	53	1	51	1
5	53	2	26.5	1
5	53	3	36.5	1
5	53	4	29.8	1
5	53	5	27.8	1
5	53	6	24.5	1
5	53	7	21	1
5	54	1	60	0
5	54	2	31	1
5	54	3	10.5	1
5	54	4	18.8	1
5	54	5	13.8	1
5	54	6	34.3	1
5	54	7	35.5	1
5	55	1	49.3	1
5	55	2	32.8	1
5	55	3	21.5	1
5	55	4	16.5	1
5	55	5	26	1
5	55	6	24	1
5	55	7	22.5	1
5	56	1	51	1
5	56	2	26.5	1
5	56	3	36.5	1
5	56	4	29.8	1
5	56	5	27.8	1
5	56	6	24.5	1
5	56	7	21	1
5	57	1	43	1
5	57	2	40	1
5	57	3	34	1
5	57	4	30	1
5	57	5	21	1
5	57	6	20	1
5	57	7	23	1
5	58	1	60	0
5	58	2	60	0
5	58	3	60	0
5	58	4	46	1
5	58	5	60	0
5	58	6	40	1
5	58	7	34	1
5	59	1	60	0
5	59	2	47	1
5	59	3	34	1
5	59	4	40	1
5	59	5	21	1
5	59	6	20	1
5	59	7	23	1
5	60	1	60	0
5	60	2	56	1
5	60	3	12	1
5	60	4	9	1
5	60	5	8	1
5	60	6	13	1
5	60	7	50	1
6	61	1	50.5	1
6	61	2	22.3	1
6	61	3	6	1
6	61	4	13.8	1
6	61	5	9.5	1
6	61	6	6.5	1
6	61	7	4.3	1
6	62	1	41.8	1
6	62	2	27	1
6	62	3	21.8	1
6	62	4	20	1
6	62	5	23.8	1
6	62	6	15	1
6	62	7	11.8	1
6	63	1	56.3	1
6	63	2	20	1
6	63	3	13	1
6	63	4	18	1
6	63	5	13.5	1
6	63	6	15.5	1
6	63	7	9	1
6	64	1	60	0
6	64	2	60	0
6	64	3	53.8	1
6	64	4	39.3	1
6	64	5	16.8	1
6	64	6	17.3	1
6	64	7	14.3	1
6	65	1	25.8	1
6	65	2	29.5	1
6	65	3	26.5	1
6	65	4	22.3	1
6	65	5	11.5	1
6	65	6	22.5	1
6	65	7	9.3	1
6	66	1	55.8	1
6	66	2	29.5	1
6	66	3	23.5	1
6	66	4	21.3	1
6	66	5	19.5	1
6	66	6	22.5	1
6	66	7	10.3	1
6	67	1	56.3	1
6	67	2	22	1
6	67	3	15	1
6	67	4	26	1
6	67	5	13.5	1
6	67	6	17.5	1
6	67	7	10	1
6	68	1	45.8	1
6	68	2	29.5	1
6	68	3	26.5	1
6	68	4	22.3	1
6	68	5	11.5	1
6	68	6	12.5	1
6	68	7	9.3	1
6	69	1	56.3	1
6	69	2	19.3	1
6	69	3	17.5	1
6	69	4	7.3	1
6	69	5	9	1
6	69	6	9.3	1
6	69	7	11	1
6	70	1	54.5	1
6	70	2	26	1
6	70	3	23	1
6	70	4	2	1
6	70	5	6	1
6	70	6	5	1
6	70	7	5	1
6	71	1	52.3	1
6	71	2	30	1
6	71	3	24	1
6	71	4	19	1
6	71	5	6	1
6	71	6	5	1
6	71	7	4	1
6	72	1	50.2	1
6	72	2	29	1
6	72	3	17	1
6	72	4	10	1
6	72	5	11	1
6	72	6	13	1
6	72	7	5	1
